%
 % Copyright (C) 2016-10-17 Imke Hans
 % This code was developed for the EC project ÒFidelity and Uncertainty in   
 %  Climate Data Records from Earth Observations (FIDUCEO)Ó. 
 % Grant Agreement: 638822
 %  <Version> Reviewed and approved by <name, instituton>, <date>
 %
 % This program is free software; you can redistribute it and/or modify it
 % under the terms of the GNU General Public License as published by the Free
 % Software Foundation; either version 3 of the License, or (at your option)
 % any later version.
 % This program is distributed in the hope that it will be useful, but WITHOUT
 % ANY WARRANTY; without even the implied warranty of MERCHANTABILITY or
 % FITNESS FOR A PARTICULAR PURPOSE. See the GNU General Public License for
 % more details.
 % 
 % A copy of the GNU General Public License should have been supplied along
 % with this program; if not, see http://www.gnu.org/licenses/
%

% run this script to write instrument values to variables

% to find values look into /scratch/uni/u237/sw/AAPP7/AAPP/data/calibration/coef/mhs
%%%%%%% MHS NOAA18 %%%%%%%

%% central frequencies of channels 1-5
f=10^9*[89.0;157.0;183.31;183.31;190.31];

%% band correction factors
bcfa=[0.000 0.000 0.000 -0.0031 0.000];
bcfb=[1.0 1.0 1.0 1.00027 1.0 ];

%% antenna pattern correction:
% for each channel there are 90 values
% indicating the fraction of the earth signal of the total signal (?)
% values in /scratch/uni/u237/sw/AAPP7/AAPP/data/preproc/fdf.dat  for each
% instrument per satellite

%C0 for earth view
CMBPL1correctionC0(1,:)=reshape([0.997074 0.997264 0.997422 0.997581 0.997737 0.998033 0.998167 0.998285 0.998391 0.998501 
0.998597 0.998700 0.998823 0.998946 0.999081 0.999322 0.999399 0.999474 0.999532 0.999595
0.999658 0.999715 0.999764 0.999835 0.999873 0.999945 0.999962 0.999975 0.999983 0.999988
0.999991 1.000000 1.000000 1.000000 1.000000 1.000000 1.000000 1.000000 1.000000 1.000000
1.000000 1.000000 1.000000 1.000000 1.000000 1.000000 1.000000 1.000000 1.000000 1.000000
1.000000 1.000000 1.000000 1.000000 1.000000 1.000000 1.000000 1.000000 1.000000 1.000000
1.000000 1.000000 0.999997 0.999995 0.999992 0.999979 0.999969 0.999956 0.999940 0.999922
0.999887 0.999848 0.999802 0.999754 0.999706 0.999604 0.999533 0.999449 0.999376 0.999296
0.999209 0.999115 0.999022 0.998927 0.998797 0.998488 0.998299 0.998000 0.997614 0.997189].',[1], [90]);

CMBPL1correctionC0(2,:)=reshape([0.999128	0.999153	0.999178	0.999199	0.999219	0.999256	0.999268	0.999282	0.999296	0.999309
0.999322	0.999332	0.999340	0.999350	0.999360	0.999380	0.999387	0.999393	0.999398	0.999401
0.999405	0.999408	0.999546	0.999630	0.999677	0.999748	0.999783	0.999814	0.999852	0.999889
0.999959	1.000000	1.000000	1.000000	1.000000	1.000000	1.000000	1.000000	1.000000	1.000000
1.000000	1.000000	1.000000	1.000000	1.000000	1.000000	1.000000	1.000000	1.000000	1.000000
1.000000	1.000000	1.000000	1.000000	1.000000	1.000000	1.000000	1.000000	1.000000	1.000000
1.000000	1.000000	1.000000	0.999999	1.000000	0.999999	0.999998	0.999997	0.999995	0.999993
0.999989	0.999986	0.999984	0.999982	0.999981	0.999975	0.999970	0.999963	0.999957	0.999949
0.999937	0.999925	0.999907	0.999883	0.999848	0.999744	0.999683	0.999600	0.999488	0.999382].',[1], [90]);


CMBPL1correctionC0(3,:)=reshape([0.998616	0.998643	0.998665	0.998686	0.998706	0.998742	0.998758	0.998773	0.998786	0.998798
0.998807	0.998864	0.998920	0.998980	0.999039	0.999151	0.999203	0.999254	0.999304	0.999354
0.999402	0.999451	0.999611	0.999692	0.999716	0.999853	0.999852	0.999879	0.999938	0.999938
0.999979	1.000000	1.000000	1.000000	1.000000	1.000000	1.000000	1.000000	1.000000	1.000000
1.000000	1.000000	1.000000	1.000000	1.000000	1.000000	1.000000	1.000000	1.000000	1.000000
1.000000	1.000000	1.000000	1.000000	1.000000	1.000000	1.000000	1.000000	1.000000	1.000000
1.000000	1.000000	1.000000	1.000000	1.000000	1.000000	1.000000	1.000000	1.000000	1.000000
1.000000	1.000000	1.000000	1.000000	1.000000	1.000000	1.000000	0.999996	0.999992	0.999985
0.999980	0.999972	0.999965	0.999956	0.999941	0.999893	0.999860	0.999829	0.999778	0.999734].',[1], [90]);

CMBPL1correctionC0(4,:)=reshape([0.997074	0.997264	0.997422	0.997581	0.997737	0.998033	0.998167	0.998285	0.998391	0.998501
0.998597	0.998700	0.998823	0.998946	0.999081	0.999322	0.999399	0.999474	0.999532	0.999595
0.999658	0.999715	0.999764	0.999835	0.999873	0.999945	0.999962	0.999975	0.999983	0.999988
0.999991	1.000000	1.000000	1.000000	1.000000	1.000000	1.000000	1.000000	1.000000	1.000000
1.000000	1.000000	1.000000	1.000000	1.000000	1.000000	1.000000	1.000000	1.000000	1.000000
1.000000	1.000000	1.000000	1.000000	1.000000	1.000000	1.000000	1.000000	1.000000	1.000000
1.000000	1.000000	0.999997	0.999995	0.999992	0.999979	0.999969	0.999956	0.999940	0.999922
0.999887	0.999848	0.999802	0.999754	0.999706	0.999604	0.999533	0.999449	0.999376	0.999296
0.999209	0.999115	0.999022	0.998927	0.998797	0.998488	0.998299	0.998000	0.997614	0.997189].',[1], [90]);

CMBPL1correctionC0(5,:)=reshape([0.999128	0.999153	0.999178	0.999199	0.999219	0.999256	0.999268	0.999282	0.999296	0.999309
0.999322	0.999332	0.999340	0.999350	0.999360	0.999380	0.999387	0.999393	0.999398	0.999401
0.999405	0.999408	0.999546	0.999630	0.999677	0.999748	0.999783	0.999814	0.999852	0.999889
0.999959	1.000000	1.000000	1.000000	1.000000	1.000000	1.000000	1.000000	1.000000	1.000000
1.000000	1.000000	1.000000	1.000000	1.000000	1.000000	1.000000	1.000000	1.000000	1.000000
1.000000	1.000000	1.000000	1.000000	1.000000	1.000000	1.000000	1.000000	1.000000	1.000000
1.000000	1.000000	1.000000	0.999999	1.000000	0.999999	0.999998	0.999997	0.999995	0.999993
0.999989	0.999986	0.999984	0.999982	0.999981	0.999975	0.999970	0.999963	0.999957	0.999949
0.999937	0.999925	0.999907	0.999883	0.999848	0.999744	0.999683	0.999600	0.999488	0.999382].',[1], [90]);

%C1 for space view
CMBPL1correctionC1(1,:)=reshape([0.001585	0.001523	0.001439	0.001340	0.001260	0.001118	0.001060	0.001015	0.000977	0.000933
0.000902	0.000849	0.000780	0.000697	0.000608	0.000426	0.000368	0.000317	0.000278	0.000235
0.000197	0.000158	0.000130	0.000078	0.000055	0.000017	0.000014	0.000012	0.000010	0.000009
0.000008	0.000000	0.000000	0.000000	0.000000	0.000000	0.000000	0.000000	0.000000	0.000000
0.000000	0.000000	0.000000	0.000000	0.000000	0.000000	0.000000	0.000000	0.000000	0.000000
0.000000	0.000000	0.000000	0.000000	0.000000	0.000000	0.000000	0.000000	0.000000	0.000000
0.000000	0.000000	0.000003	0.000005	0.000008	0.000021	0.000031	0.000044	0.000060	0.000078
0.000113	0.000152	0.000198	0.000246	0.000294	0.000396	0.000467	0.000551	0.000624	0.000704
0.000791	0.000885	0.000978	0.001073	0.001203	0.001512	0.001701	0.002000	0.002386	0.002811].',[1], [90]);

CMBPL1correctionC1(2,:)=reshape([0.000283	0.000366	0.000355	0.000346	0.000337	0.000322	0.000317	0.000314	0.000310	0.000309
0.000307	0.000305	0.000302	0.000298	0.000294	0.000404	0.000400	0.000397	0.000394	0.000392
0.000392	0.000391	0.000255	0.000172	0.000127	0.000085	0.000050	0.000051	0.000051	0.000037
0.000000	0.000000	0.000000	0.000000	0.000000	0.000000	0.000000	0.000000	0.000000	0.000000
0.000000	0.000000	0.000000	0.000000	0.000000	0.000000	0.000000	0.000000	0.000000	0.000000
0.000000	0.000000	0.000000	0.000000	0.000000	0.000000	0.000000	0.000000	0.000000	0.000000
0.000000	0.000000	0.000000	0.000001	0.000000	0.000001	0.000002	0.000003	0.000005	0.000007
0.000011	0.000014	0.000016	0.000018	0.000019	0.000025	0.000030	0.000037	0.000043	0.000051
0.000063	0.000075	0.000093	0.000117	0.000152	0.000256	0.000317	0.000400	0.000512	0.000618].',[1], [90]);

